---Property of currently device used---
Device 0: GeForce GTX 850M
CUDA Capability: 5.0
1 size 60 : 7.000	7.000	7.000	7.000	7.000	7.000	7.000	7.000	7.000	7.000	
2 size 60 : 7.000	7.000	7.000	7.000	7.000	7.000	7.000	7.000	7.000	7.000	
3 size 60 : 7.000	7.000	7.000	7.000	7.000	7.000	7.000	7.000	7.000	7.000	
4 size 60 : 7.000	7.000	7.000	7.000	7.000	7.000	7.000	7.000	7.000	7.000	
5 size 60 : 7.000	7.000	7.000	7.000	7.000	7.000	7.000	7.000	7.000	7.000	
6 size 60 : 7.000	7.000	7.000	7.000	7.000	7.000	7.000	7.000	7.000	7.000	
7 size 60 : 7.000	7.000	7.000	7.000	7.000	7.000	7.000	7.000	7.000	7.000	
8 size 60 : 7.000	7.000	7.000	7.000	7.000	7.000	7.000	7.000	7.000	7.000	
9 size 60 : 7.000	7.000	7.000	7.000	7.000	7.000	7.000	7.000	7.000	7.000	
10 size 60 : 7.000	7.000	7.000	7.000	7.000	7.000	7.000	7.000	7.000	7.000	
11 size 0 : 
12 size 60 : 7.000	7.000	7.000	7.000	7.000	7.000	7.000	7.000	7.000	7.000	
13 size 60 : 7.000	0.000	0.000	0.000	0.000	0.000	0.000	0.000	0.000	7.000	
14 size 60 : 7.000	0.000	0.000	0.000	0.000	0.000	0.000	0.000	0.000	7.000	
15 size 60 : 7.000	0.000	0.000	0.000	0.000	0.000	0.000	0.000	0.000	7.000	
16 size 60 : 7.000	0.000	0.000	0.000	0.000	0.000	0.000	0.000	0.000	7.000	
17 size 60 : 7.000	0.000	0.000	0.000	0.000	0.000	0.000	0.000	0.000	7.000	
18 size 60 : 7.000	0.000	0.000	0.000	0.000	0.000	0.000	0.000	0.000	7.000	
19 size 60 : 7.000	0.000	0.000	0.000	0.000	0.000	0.000	0.000	0.000	7.000	
20 size 60 : 7.000	0.000	0.000	0.000	0.000	0.000	0.000	0.000	0.000	7.000	
21 size 60 : 7.000	7.000	7.000	7.000	7.000	7.000	7.000	7.000	7.000	7.000	
22 size 0 : 
23 size 60 : 7.000	7.000	7.000	7.000	7.000	7.000	7.000	7.000	7.000	7.000	
24 size 60 : 7.000	0.000	0.000	0.000	0.000	0.000	0.000	0.000	0.000	7.000	
25 size 60 : 7.000	0.000	0.000	0.000	0.000	0.000	0.000	0.000	0.000	7.000	
26 size 60 : 7.000	0.000	0.000	0.000	0.000	0.000	0.000	0.000	0.000	7.000	
27 size 60 : 7.000	0.000	0.000	0.000	0.000	0.000	0.000	0.000	0.000	7.000	
28 size 60 : 7.000	0.000	0.000	0.000	0.000	0.000	0.000	0.000	0.000	7.000	
29 size 60 : 7.000	0.000	0.000	0.000	0.000	0.000	0.000	0.000	0.000	7.000	
30 size 60 : 7.000	0.000	0.000	0.000	0.000	0.000	0.000	0.000	0.000	7.000	
31 size 60 : 7.000	0.000	0.000	0.000	0.000	0.000	0.000	0.000	0.000	7.000	
32 size 60 : 7.000	7.000	7.000	7.000	7.000	7.000	7.000	7.000	7.000	7.000	
33 size 0 : 
34 size 60 : 7.000	7.000	7.000	7.000	7.000	7.000	7.000	7.000	7.000	7.000	
35 size 60 : 7.000	0.000	0.000	0.000	0.000	0.000	0.000	0.000	0.000	7.000	
36 size 60 : 7.000	0.000	0.000	0.000	0.000	0.000	0.000	0.000	0.000	7.000	
37 size 60 : 7.000	0.000	0.000	0.000	0.000	0.000	0.000	0.000	0.000	7.000	
38 size 60 : 7.000	0.000	0.000	0.000	0.000	0.000	0.000	0.000	0.000	7.000	
39 size 60 : 7.000	0.000	0.000	0.000	0.000	0.000	0.000	0.000	0.000	7.000	
40 size 60 : 7.000	0.000	0.000	0.000	0.000	0.000	0.000	0.000	0.000	7.000	
41 size 60 : 7.000	0.000	0.000	0.000	0.000	0.000	0.000	0.000	0.000	7.000	
42 size 60 : 7.000	0.000	0.000	0.000	0.000	0.000	0.000	0.000	0.000	7.000	
43 size 60 : 7.000	7.000	7.000	7.000	7.000	7.000	7.000	7.000	7.000	7.000	
44 size 0 : 
45 size 60 : 7.000	7.000	7.000	7.000	7.000	7.000	7.000	7.000	7.000	7.000	
46 size 60 : 7.000	0.000	0.000	0.000	0.000	0.000	0.000	0.000	0.000	7.000	
47 size 60 : 7.000	0.000	0.000	0.000	0.000	0.000	0.000	0.000	0.000	7.000	
48 size 60 : 7.000	0.000	0.000	0.000	0.000	0.000	0.000	0.000	0.000	7.000	
49 size 60 : 7.000	0.000	0.000	0.000	0.000	0.000	0.000	0.000	0.000	7.000	
50 size 60 : 7.000	0.000	0.000	0.000	0.000	0.000	0.000	0.000	0.000	7.000	
51 size 60 : 7.000	0.000	0.000	0.000	0.000	0.000	0.000	0.000	0.000	7.000	
52 size 60 : 7.000	0.000	0.000	0.000	0.000	0.000	0.000	0.000	0.000	7.000	
53 size 60 : 7.000	0.000	0.000	0.000	0.000	0.000	0.000	0.000	0.000	7.000	
54 size 60 : 7.000	7.000	7.000	7.000	7.000	7.000	7.000	7.000	7.000	7.000	
55 size 0 : 
56 size 60 : 7.000	7.000	7.000	7.000	7.000	7.000	7.000	7.000	7.000	7.000	
57 size 60 : 7.000	0.000	0.000	0.000	0.000	0.000	0.000	0.000	0.000	7.000	
58 size 60 : 7.000	0.000	0.000	0.000	0.000	0.000	0.000	0.000	0.000	7.000	
59 size 60 : 7.000	0.000	0.000	0.000	0.000	0.000	0.000	0.000	0.000	7.000	
60 size 60 : 7.000	0.000	0.000	0.000	0.000	0.000	0.000	0.000	0.000	7.000	
61 size 60 : 7.000	0.000	0.000	0.000	0.000	0.000	0.000	0.000	0.000	7.000	
62 size 60 : 7.000	0.000	0.000	0.000	0.000	0.000	0.000	0.000	0.000	7.000	
63 size 60 : 7.000	0.000	0.000	0.000	0.000	0.000	0.000	0.000	0.000	7.000	
64 size 60 : 7.000	0.000	0.000	0.000	0.000	0.000	0.000	0.000	0.000	7.000	
65 size 60 : 7.000	7.000	7.000	7.000	7.000	7.000	7.000	7.000	7.000	7.000	
66 size 0 : 
67 size 60 : 7.000	7.000	7.000	7.000	7.000	7.000	7.000	7.000	7.000	7.000	
68 size 60 : 7.000	0.000	0.000	0.000	0.000	0.000	0.000	0.000	0.000	7.000	
69 size 60 : 7.000	0.000	0.000	0.000	0.000	0.000	0.000	0.000	0.000	7.000	
70 size 60 : 7.000	0.000	0.000	0.000	0.000	0.000	0.000	0.000	0.000	7.000	
71 size 60 : 7.000	0.000	0.000	0.000	0.000	0.000	0.000	0.000	0.000	7.000	
72 size 60 : 7.000	0.000	0.000	0.000	0.000	0.000	0.000	0.000	0.000	7.000	
73 size 60 : 7.000	0.000	0.000	0.000	0.000	0.000	0.000	0.000	0.000	7.000	
74 size 60 : 7.000	0.000	0.000	0.000	0.000	0.000	0.000	0.000	0.000	7.000	
75 size 60 : 7.000	0.000	0.000	0.000	0.000	0.000	0.000	0.000	0.000	7.000	
76 size 60 : 7.000	7.000	7.000	7.000	7.000	7.000	7.000	7.000	7.000	7.000	
77 size 0 : 
78 size 60 : 7.000	7.000	7.000	7.000	7.000	7.000	7.000	7.000	7.000	7.000	
79 size 60 : 7.000	0.000	0.000	0.000	0.000	0.000	0.000	0.000	0.000	7.000	
80 size 60 : 7.000	0.000	0.000	0.000	0.000	0.000	0.000	0.000	0.000	7.000	
81 size 60 : 7.000	0.000	0.000	0.000	0.000	0.000	0.000	0.000	0.000	7.000	
82 size 60 : 7.000	0.000	0.000	0.000	0.000	0.000	0.000	0.000	0.000	7.000	
83 size 60 : 7.000	0.000	0.000	0.000	0.000	0.000	0.000	0.000	0.000	7.000	
84 size 60 : 7.000	0.000	0.000	0.000	0.000	0.000	0.000	0.000	0.000	7.000	
85 size 60 : 7.000	0.000	0.000	0.000	0.000	0.000	0.000	0.000	0.000	7.000	
86 size 60 : 7.000	0.000	0.000	0.000	0.000	0.000	0.000	0.000	0.000	7.000	
87 size 60 : 7.000	7.000	7.000	7.000	7.000	7.000	7.000	7.000	7.000	7.000	
88 size 0 : 
89 size 60 : 7.000	7.000	7.000	7.000	7.000	7.000	7.000	7.000	7.000	7.000	
90 size 60 : 7.000	0.000	0.000	0.000	0.000	0.000	0.000	0.000	0.000	7.000	
91 size 60 : 7.000	0.000	0.000	0.000	0.000	0.000	0.000	0.000	0.000	7.000	
92 size 60 : 7.000	0.000	0.000	0.000	0.000	0.000	0.000	0.000	0.000	7.000	
93 size 60 : 7.000	0.000	0.000	0.000	0.000	0.000	0.000	0.000	0.000	7.000	
94 size 60 : 7.000	0.000	0.000	0.000	0.000	0.000	0.000	0.000	0.000	7.000	
95 size 60 : 7.000	0.000	0.000	0.000	0.000	0.000	0.000	0.000	0.000	7.000	
96 size 60 : 7.000	0.000	0.000	0.000	0.000	0.000	0.000	0.000	0.000	7.000	
97 size 60 : 7.000	0.000	0.000	0.000	0.000	0.000	0.000	0.000	0.000	7.000	
98 size 60 : 7.000	7.000	7.000	7.000	7.000	7.000	7.000	7.000	7.000	7.000	
99 size 0 : 
100 size 60 : 7.000	7.000	7.000	7.000	7.000	7.000	7.000	7.000	7.000	7.000	
101 size 60 : 7.000	7.000	7.000	7.000	7.000	7.000	7.000	7.000	7.000	7.000	
102 size 60 : 7.000	7.000	7.000	7.000	7.000	7.000	7.000	7.000	7.000	7.000	
103 size 60 : 7.000	7.000	7.000	7.000	7.000	7.000	7.000	7.000	7.000	7.000	
104 size 60 : 7.000	7.000	7.000	7.000	7.000	7.000	7.000	7.000	7.000	7.000	
105 size 60 : 7.000	7.000	7.000	7.000	7.000	7.000	7.000	7.000	7.000	7.000	
106 size 60 : 7.000	7.000	7.000	7.000	7.000	7.000	7.000	7.000	7.000	7.000	
107 size 60 : 7.000	7.000	7.000	7.000	7.000	7.000	7.000	7.000	7.000	7.000	
108 size 60 : 7.000	7.000	7.000	7.000	7.000	7.000	7.000	7.000	7.000	7.000	
109 size 60 : 7.000	7.000	7.000	7.000	7.000	7.000	7.000	7.000	7.000	7.000	
110 size 0 : 
111 size 0 : 
112 size 0 : 
113 size 0 : 
114 size 0 : 
115 size 0 : 
116 size 0 : 
117 size 0 : 
118 size 0 : 
119 size 0 : 
120 size 0 : 
121 size 0 : 
122 size 0 : 
123 size 0 : 
124 size 0 : 
125 size 0 : 
126 size 0 : 
127 size 0 : 
128 size 0 : 
129 size 0 : 
130 size 0 : 
131 size 0 : 
132 size 0 : 
133 size 0 : 
134 size 0 : 
135 size 0 : 
136 size 0 : 
137 size 0 : 
138 size 0 : 
139 size 0 : 
140 size 0 : 
141 size 0 : 
142 size 0 : 
143 size 0 : 
144 size 0 : 
145 size 0 : 
146 size 0 : 
147 size 0 : 
148 size 0 : 
149 size 0 : 
150 size 0 : 
151 size 0 : 
152 size 0 : 
153 size 0 : 
154 size 0 : 
155 size 0 : 
156 size 0 : 
157 size 0 : 
158 size 0 : 
159 size 0 : 
160 size 0 : 
161 size 0 : 
162 size 0 : 
163 size 0 : 
164 size 0 : 
165 size 0 : 
166 size 0 : 
167 size 0 : 
168 size 0 : 
169 size 0 : 
170 size 0 : 
171 size 0 : 
172 size 0 : 
173 size 0 : 
174 size 0 : 
175 size 0 : 
176 size 0 : 
177 size 0 : 
178 size 0 : 
179 size 0 : 
180 size 0 : 
181 size 0 : 
182 size 0 : 
183 size 0 : 
184 size 0 : 
185 size 0 : 
186 size 0 : 
187 size 0 : 
188 size 0 : 
189 size 0 : 
190 size 0 : 
191 size 0 : 
192 size 0 : 
193 size 0 : 
194 size 0 : 
195 size 0 : 
196 size 0 : 
197 size 0 : 
198 size 0 : 
199 size 0 : 
200 size 0 : 
Input 1000 Data Successfully
Output 1000 Data Successfully
Time elapsed: 0.250880 ms
